0.4914331
0.49857095
0.49857095
0.49857095
0.47845095
0.48969188
0.48969188
0.46708545
0.4914331
0.49355322
0.46708545
0.49857095
0.4936257
0.48969188
0.47037786
0.49857095
0.48974735
0.4914331
0.4776102
0.46426132
0.48761427
0.49857095
0.48761427
0.49857095
0.49857095
0.42938927
0.46708545
0.47037786
0.48761427
0.49857095
0.4833691
0.49857095
0.49857095
0.49857095
0.48761427
0.4833691
0.49718273
0.47073495
0.49718273
0.49857095
0.49857095
0.49975002
0.46854654
0.42938927
0.49355322
0.46708545
0.49857095
0.46708545
0.46708545
0.48761427
0.48969188
0.47037786
0.46235323
0.49857095
0.49857095
0.46708545
0.46708545
0.49857095
0.47073495
0.49718273
0.47073495
0.49857095
0.48969188
0.49857095
0.48761427
0.49857095
0.46708545
0.47037786
0.48969188
0.49857095
0.46708545
0.48761427
0.49857095
0.49857095
0.49857095
0.48761427
0.48761427
0.46708545
0.46763715
0.47037786
0.49857095
0.49355322
0.47037786
0.49857095
0.49857095
0.49857095
0.47073495
0.49355322
0.49857095
0.49857095
0.49857095
0.49857095
0.47037786
0.47037786
0.46708545
0.49857095
0.49857095
0.49857095
0.49857095
0.49857095
